 292	 313	 16	
 295	 337	 17	
 281	 333	 18	
 171	 349	 20	
 191	 323	 20	
 296	 357	 19	
 327	 339	 21	
 199	 306	 22	
 170	 355	 21	
 171	 326	 22	
 160	 335	 23	
 165	 324	 24	
 331	 280	 24	
 295	 301	 24	
 314	 360	 23	
 171	 319	 25	
 161	 353	 25	
 308	 298	 25	
 300	 287	 26	
 347	 334	 26	
 309	 339	 25	
 155	 340	 26	
 302	 314	 27	
 177	 288	 29	
 198	 320	 28	
 197	 329	 28	
 184	 361	 27	
 317	 361	 27	
 311	 267	 30	
 329	 255	 31	
 334	 253	 31	
 316	 356	 29	
 310	 312	 29	
 156	 295	 31	
 145	 324	 31	
 144	 336	 30	
 336	 337	 30	
 349	 311	 32	
 336	 360	 31	
 340	 307	 32	
 335	 322	 31	
 354	 269	 32	
 161	 331	 32	
 139	 297	 33	
 163	 248	 35	
 145	 303	 34	
 156	 307	 33	
 126	 315	 35	
 203	 226	 35	
 204	 355	 33	
 153	 320	 35	
 155	 280	 36	
 187	 261	 36	
 181	 228	 36	
 213	 222	 36	
 311	 335	 33	
 318	 257	 36	
 204	 352	 34	
 212	 214	 37	
 183	 273	 37	
 162	 375	 35	
 199	 349	 35	
 365	 281	 37	
 358	 319	 36	
 349	 333	 36	
 313	 329	 35	
 374	 342	 37	
 144	 300	 38	
 170	 254	 39	
 151	 301	 39	
 331	 357	 36	
 340	 338	 37	
 374	 288	 39	
 165	 228	 40	
 127	 366	 39	
 116	 346	 40	
 107	 341	 41	
 145	 307	 41	
 132	 275	 41	
 283	 193	 39	
 356	 346	 39	
 375	 337	 39	
 351	 244	 41	
 351	 267	 41	
 378	 294	 41	
 360	 276	 42	
 332	 207	 42	
 200	 339	 41	
 139	 350	 42	
 124	 262	 44	
 365	 310	 42	
 371	 257	 43	
 345	 232	 43	
 217	 192	 42	
 305	 392	 42	
 336	 349	 43	
 343	 227	 44	
 133	 350	 45	
 136	 314	 46	
 125	 250	 47	
 196	 361	 44	
 147	 304	 47	
 365	 293	 46	
 101	 333	 48	
 137	 281	 48	
 190	 193	 45	
 168	 294	 48	
 134	 244	 49	
 378	 342	 47	
 377	 237	 48	
 357	 385	 47	
 322	 385	 45	
 360	 263	 48	
 164	 379	 48	
 118	 274	 50	
 126	 257	 50	
 183	 226	 48	
 197	 373	 48	
 331	 291	 49	
 396	 306	 50	
 331	 377	 48	
 94	 323	 52	
 85	 305	 52	
 149	 265	 51	
 95	 331	 52	
 353	 200	 50	
 348	 320	 52	
 389	 278	 52	
 167	 200	 51	
 205	 367	 51	
 167	 379	 51	
 205	 341	 52	
 191	 368	 52	
 159	 388	 52	
 149	 380	 52	
 156	 310	 53	
 150	 192	 52	
 355	 381	 52	
 370	 263	 53	
 406	 311	 53	
 346	 393	 52	
 399	 322	 54	
 403	 276	 54	
 158	 323	 53	
 102	 303	 55	
 180	 190	 52	
 136	 303	 55	
 396	 277	 55	
 354	 369	 53	
 358	 303	 55	
 349	 345	 54	
 106	 352	 55	
 105	 251	 56	
 140	 377	 56	
 136	 367	 55	
 105	 298	 57	
 156	 181	 56	
 365	 365	 56	
 344	 327	 55	
 307	 380	 55	
 188	 376	 56	
 120	 237	 58	
 107	 250	 58	
 155	 292	 58	
 207	 350	 56	
 175	 390	 57	
 407	 290	 58	
 390	 208	 57	
 160	 209	 58	
 183	 382	 58	
 154	 383	 58	
 169	 374	 58	
 109	 361	 59	
 199	 341	 58	
 152	 237	 59	
 117	 219	 59	
 81	 292	 59	
 386	 347	 58	
 188	 382	 59	
 155	 288	 60	
 132	 252	 60	
 129	 223	 60	
 173	 188	 59	
 127	 382	 60	
 101	 332	 60	
 295	 388	 59	
 361	 373	 59	
 180	 178	 60	
 151	 246	 61	
 197	 293	 61	
 202	 347	 60	
 101	 349	 62	
 132	 253	 62	
 114	 291	 62	
 355	 374	 62	
 358	 377	 62	
 163	 202	 62	
 221	 333	 63	
 135	 203	 62	
 176	 241	 63	
 92	 290	 63	
 362	 317	 62	
 325	 394	 63	
 360	 337	 63	
 100	 309	 63	
 132	 232	 63	
 93	 277	 64	
 132	 347	 64	
 79	 306	 64	
 390	 317	 63	
 315	 381	 64	
 296	 386	 64	
 402	 303	 64	
 174	 172	 64	
 164	 202	 64	
 89	 249	 65	
 158	 386	 67	
 208	 318	 66	
 162	 234	 65	
 143	 348	 67	
 105	 304	 66	
 84	 305	 66	
 173	 385	 68	
 99	 336	 68	
 85	 290	 66	
 414	 298	 66	
 375	 297	 65	
 374	 347	 67	
 409	 306	 67	
 402	 211	 67	
 201	 332	 68	
 159	 376	 69	
 171	 381	 69	
 406	 244	 67	
 387	 246	 67	
 116	 336	 70	
 220	 318	 71	
 410	 296	 69	
 372	 307	 68	
 399	 292	 69	
 375	 331	 70	
 141	 249	 70	
 163	 277	 71	
 183	 387	 72	
 216	 312	 72	
 115	 286	 71	
 101	 282	 71	
 367	 376	 71	
 325	 371	 71	
 328	 391	 71	
 235	 313	 74	
 117	 339	 73	
 333	 397	 72	
 292	 368	 72	
 398	 259	 71	
 354	 368	 72	
 339	 400	 73	
 304	 379	 72	
 284	 357	 73	
 202	 289	 74	
 102	 256	 74	
 376	 350	 74	
 98	 258	 74	
 76	 272	 74	
 124	 350	 76	
 228	 291	 76	
 304	 364	 76	
 177	 316	 78	
 222	 308	 79	
 362	 381	 77	
 119	 364	 79	
 228	 293	 80	
 192	 370	 80	
 88	 297	 78	
 166	 303	 78	
 87	 277	 78	
 395	 349	 79	
 148	 374	 81	
 114	 369	 82	
 194	 355	 82	
 366	 374	 79	
 342	 354	 80	
 228	 301	 83	
 118	 325	 82	
 400	 348	 81	
 360	 381	 81	
 324	 390	 82	
 177	 374	 85	
 178	 377	 86	
 163	 334	 85	
 162	 381	 88	
 314	 371	 86	
 325	 388	 86	
 127	 366	 88	
 200	 330	 89	
 199	 346	 90	
 311	 370	 88	
 142	 359	 90	
 204	 351	 93	
 154	 376	 93	
